500 200 500 2000
15.115 60.053 1010.399
77.158 166.549 1018.962
28.844 80.077 1080.851
109.085 174.598 954.582
171.511 167.585 929.307
185.805 93.690 919.177
164.194 135.468 1014.868
74.353 82.851 971.944
164.562 92.706 961.705
9.158 13.176 980.672
190.674 93.158 908.316
126.977 178.330 999.214
33.593 81.819 1021.310
17.367 164.799 1011.976
28.885 128.732 1026.584
4.256 157.846 1002.721
166.947 131.082 966.765
192.048 117.060 983.879
94.993 15.845 1058.632
35.259 117.305 1000.501
127.837 164.322 976.144
13.201 30.264 1093.068
163.531 60.625 1071.204
5.820 38.056 1007.995
102.880 107.663 941.271
172.721 100.134 1001.241
69.400 8.413 927.026
79.421 135.612 1045.262
43.747 122.914 916.115
99.354 168.754 1055.667
143.934 182.350 998.586
95.480 78.955 946.923
82.659 165.961 1046.351
11.393 26.288 1016.617
99.072 56.934 996.399
177.264 19.648 1015.232
53.558 7.472 1074.698
9.371 63.783 963.480
90.225 59.967 1051.452
133.996 89.486 1040.031
24.794 167.952 962.704
28.735 18.720 873.433
129.295 18.025 963.378
146.081 62.354 993.993
126.491 94.319 911.092
152.147 92.472 980.007
67.462 54.951 1071.290
176.165 171.963 882.841
86.655 111.152 982.111
195.565 195.765 1026.388
75.084 90.278 989.269
139.117 90.510 983.460
146.377 132.487 1060.601
94.769 43.345 1004.646
101.129 65.248 1020.111
55.882 157.556 1035.109
127.024 123.085 955.186
190.148 100.639 1026.812
33.480 179.980 970.892
71.661 145.099 918.634
101.569 166.754 916.902
136.676 191.369 1060.030
9.085 130.357 1042.596
115.569 163.875 1067.920
67.575 118.914 1017.088
109.568 8.844 1077.355
121.727 195.395 925.772
110.398 69.982 1067.302
153.196 62.966 949.422
183.491 106.708 1054.274
2.757 110.319 1028.932
11.398 40.656 980.300
5.677 134.350 974.172
140.492 1.382 1031.965
24.922 189.935 984.158
138.481 141.233 1059.984
174.952 62.109 1000.927
66.312 147.048 921.957
66.927 48.768 991.246
171.015 103.079 1032.283
197.405 62.859 967.115
69.946 142.507 1071.930
72.083 22.441 1078.796
90.161 182.991 1014.593
139.509 33.265 954.793
91.023 110.344 984.319
98.307 116.441 936.367
28.957 176.191 996.788
31.460 106.586 1021.531
57.101 25.779 1015.502
128.601 105.108 981.116
75.533 129.898 1091.319
15.657 17.830 1056.959
173.715 105.309 940.906
168.176 26.007 980.734
197.065 184.510 1004.373
111.408 146.478 913.142
55.517 35.280 853.040
31.548 11.308 1018.546
5.691 156.163 980.378
9.319 165.890 1021.601
100.109 165.552 1059.911
45.351 15.310 1029.857
9.893 184.133 1036.704
193.502 148.695 912.563
6.314 135.875 963.063
137.554 129.727 910.776
134.654 167.766 1004.748
144.113 170.918 996.822
186.175 33.043 953.496
125.286 109.891 961.976
23.803 72.207 980.951
131.771 44.226 991.420
198.299 139.806 972.619
180.025 58.786 888.927
107.900 8.447 1003.614
5.815 174.376 1056.301
179.901 188.552 1004.956
95.524 146.243 977.250
103.340 73.167 969.367
192.788 139.147 1047.466
31.921 100.556 1026.528
43.320 53.412 919.246
62.759 87.179 1033.492
118.497 161.511 902.861
144.789 158.152 933.759
148.594 145.003 955.686
167.779 147.620 1007.499
23.951 141.239 914.115
18.735 144.040 1069.661
9.589 188.280 932.688
7.734 152.324 1044.225
79.531 160.057 980.628
149.134 62.932 1002.262
137.386 78.254 932.900
64.080 31.974 1066.626
122.975 71.679 945.984
53.061 114.969 913.935
160.244 95.955 999.908
111.443 198.082 966.072
13.908 68.709 1063.219
142.533 79.554 1024.332
99.758 131.813 995.439
59.258 47.771 991.448
18.345 149.161 948.235
62.094 158.137 964.337
143.727 140.131 959.777
17.378 10.272 986.282
167.693 23.486 979.566
31.744 151.134 1046.146
37.426 166.406 951.961
117.902 32.741 980.753
155.029 10.675 1029.777
148.128 67.026 1021.006
95.127 150.188 988.574
89.261 189.474 1074.459
71.184 198.820 905.592
113.532 42.638 993.153
26.102 18.869 937.680
170.154 183.923 1007.207
197.290 168.020 899.635
172.635 135.961 994.193
1.121 63.324 1011.992
180.677 174.455 1046.083
163.932 189.835 1007.467
17.174 141.498 990.296
23.596 158.911 982.276
38.698 177.719 1064.293
30.112 78.135 1032.425
61.715 43.808 993.240
140.602 4.138 945.683
192.981 87.836 1047.936
184.376 73.487 945.016
80.980 171.323 971.085
128.590 114.715 1061.785
51.041 11.056 1011.271
25.236 133.655 968.050
100.481 11.744 1043.914
51.512 165.194 1078.416
180.377 20.403 1027.605
43.718 27.802 1014.153
80.569 126.703 981.012
150.112 62.796 969.184
167.072 23.100 976.167
43.005 168.862 967.012
9.935 165.496 1006.534
70.352 178.422 891.838
77.052 104.950 980.064
71.736 195.400 954.352
122.082 135.361 889.998
186.806 31.829 901.977
104.934 125.597 923.493
2.177 199.572 999.990
129.873 76.292 996.541
86.233 40.129 972.961
84.457 0.879 974.117
119.552 148.921 1057.197
83.718 21.899 990.353
83.523 38.204 1014.694
53.692 111.309 1001.043
102.027 58.682 955.659
117.167 175.429 1042.597
110.140 172.544 956.521
0.789 165.192 990.770
53.903 12.709 981.679
113.050 0.184 1019.803
129.808 46.769 971.392
180.134 68.579 1001.120
113.805 50.785 918.119
29.069 29.842 969.606
113.465 181.094 1033.761
149.080 57.542 1050.825
42.307 66.277 1025.765
144.084 96.516 1001.368
52.887 6.002 1096.014
190.802 4.467 987.293
120.933 130.142 954.004
138.661 133.087 1077.365
182.536 154.415 990.485
129.771 52.246 1073.039
78.568 95.534 1016.722
60.738 109.441 1045.372
192.882 186.954 951.024
18.516 140.107 959.675
165.308 29.831 974.025
197.748 16.093 962.939
140.685 160.494 993.253
162.605 134.737 990.349
183.470 170.600 1013.706
22.525 191.584 1026.239
120.035 13.404 1044.403
50.578 138.331 951.225
92.970 79.685 1054.094
27.955 130.538 1010.563
60.108 150.302 948.601
48.810 87.388 903.868
45.602 65.739 1007.457
182.347 156.160 1006.073
25.133 4.322 907.894
44.156 198.557 980.267
78.954 116.030 925.739
187.252 144.282 1055.359
190.029 66.452 970.530
48.760 83.653 1054.529
135.525 174.800 1030.266
191.391 193.624 984.278
159.361 25.873 1025.233
173.943 82.948 903.150
90.875 131.002 1042.535
197.443 146.053 1075.483
61.063 133.526 1033.268
41.715 81.973 963.900
118.503 113.555 999.556
111.854 70.924 873.960
157.343 185.194 1090.334
96.049 183.187 1069.645
15.222 2.558 1026.488
43.508 11.820 1018.949
57.256 153.193 943.885
48.166 123.990 979.578
68.399 61.728 1025.493
101.906 98.204 1013.019
50.522 59.640 948.315
55.130 97.710 937.088
134.067 39.021 978.543
73.898 170.842 1029.577
62.526 98.306 1058.663
147.509 84.165 1092.400
74.993 52.797 974.356
88.019 83.652 1026.712
73.288 24.656 1024.059
157.880 62.456 1034.905
61.222 174.601 1010.147
98.209 10.292 1028.480
27.912 196.589 949.226
119.463 172.308 885.324
199.343 62.111 1002.095
48.942 117.225 952.242
128.057 96.553 929.759
186.065 76.784 1031.122
72.632 78.866 942.337
64.970 76.134 941.089
24.532 61.853 1018.433
156.025 26.506 1017.090
40.636 81.475 1006.240
0.845 54.173 1020.073
163.265 82.807 921.216
124.207 185.162 1002.941
71.584 81.921 1020.215
60.516 5.449 983.188
41.609 183.081 952.536
170.467 31.765 989.488
134.672 135.704 1035.179
80.858 71.068 1021.430
132.941 133.182 1016.782
111.893 84.849 999.563
185.619 39.463 1028.816
178.865 63.969 995.524
49.758 80.522 1049.208
92.986 93.830 1073.290
134.484 102.966 1029.308
136.973 56.104 1002.886
176.432 105.875 1034.627
119.289 25.366 1013.713
132.728 150.481 1090.306
98.508 120.117 1048.516
155.408 63.917 1009.299
17.228 131.078 862.972
148.458 82.743 1093.295
136.928 46.829 959.102
23.401 10.039 932.778
148.437 101.226 990.218
130.043 172.262 1043.717
184.605 197.491 1083.791
195.777 60.910 1013.181
110.037 72.672 1035.448
48.717 75.511 983.800
67.859 91.634 991.995
12.243 36.859 984.664
155.755 18.329 992.067
114.476 154.182 927.084
22.192 154.805 875.352
72.929 127.723 1010.662
79.875 142.815 1043.855
56.139 93.995 871.716
4.414 75.666 1105.645
173.481 44.413 1055.421
149.569 75.076 996.037
24.469 100.456 976.857
69.932 152.944 948.907
91.109 129.554 952.827
101.094 71.190 1009.161
39.065 124.408 975.412
184.641 118.171 922.670
149.112 27.130 1015.958
78.996 141.875 1070.837
105.629 192.531 1041.077
102.432 158.634 1048.366
4.849 56.365 1056.701
94.877 95.856 973.105
63.632 74.601 932.176
66.986 193.983 1107.043
112.419 137.359 1048.518
85.379 22.935 1004.855
58.081 190.065 889.325
63.296 9.254 1096.071
71.176 38.310 971.619
179.921 170.919 1142.858
5.809 10.127 975.817
1.627 150.278 1056.798
90.032 145.724 924.938
122.525 72.424 1103.940
115.300 154.541 1023.235
103.770 171.587 1051.371
95.621 58.410 972.850
122.639 114.822 932.124
3.163 51.713 980.758
116.572 48.192 1057.043
56.630 156.169 995.440
40.246 134.869 1067.410
146.340 1.353 941.896
58.955 133.550 1009.847
52.860 148.230 1004.746
45.378 68.740 1007.658
60.612 39.569 952.881
170.776 2.991 1026.089
27.908 179.845 977.237
134.965 171.213 977.237
31.509 151.262 965.279
118.616 9.381 944.443
117.782 183.068 1000.867
138.037 176.385 962.886
146.173 182.632 987.887
107.028 193.386 1019.011
189.547 70.595 1032.132
44.788 75.422 1000.289
54.894 94.997 906.241
155.946 35.605 1034.919
54.318 15.653 944.240
78.260 49.960 961.726
34.706 62.285 958.370
39.652 85.085 951.271
78.648 118.812 987.325
85.261 115.725 1012.776
198.872 145.336 1101.968
8.979 133.248 961.418
125.346 139.479 965.669
177.379 94.079 990.241
171.736 76.828 983.409
167.781 51.087 1139.627
93.818 54.338 978.916
13.324 44.184 912.880
23.697 130.948 1092.420
72.750 82.723 1018.151
41.622 149.570 988.553
177.929 133.713 1031.122
131.569 110.476 927.442
70.925 108.820 987.832
87.377 45.231 1004.211
4.622 55.917 883.244
7.765 183.860 996.416
182.997 163.913 987.492
196.434 149.837 1007.617
81.352 84.451 1055.020
92.479 171.403 981.741
90.982 11.746 1006.995
55.980 153.045 925.075
45.226 100.631 1042.133
190.994 152.255 1061.717
52.072 43.112 924.568
81.019 127.703 1073.965
59.220 47.009 1087.283
189.223 52.480 983.143
128.803 198.580 970.685
98.722 199.585 945.005
46.217 96.383 946.112
48.844 149.776 1026.128
155.516 196.745 983.752
36.592 28.671 1147.781
133.403 22.423 1040.110
97.512 199.725 996.800
140.435 82.770 963.116
23.697 174.948 959.076
178.873 44.212 1058.775
33.641 53.846 1017.426
164.259 19.696 1005.180
10.395 153.491 921.631
60.388 176.642 991.665
115.639 1.484 931.344
54.533 37.013 949.628
29.499 67.482 975.442
58.962 110.294 1034.692
85.644 149.845 1094.953
93.026 136.835 1018.721
1.450 40.928 997.674
192.785 86.317 987.101
188.716 63.986 948.394
92.243 102.836 1019.459
155.233 180.863 1115.852
176.698 178.694 1010.986
15.022 66.219 1019.515
147.068 107.815 1044.583
125.762 114.746 1099.793
154.357 10.881 1007.124
101.654 60.844 989.975
141.165 162.375 1039.952
118.233 91.827 942.463
114.235 36.192 935.430
150.881 7.935 936.050
128.813 21.654 1037.747
161.296 80.697 917.861
94.142 195.764 1016.964
140.604 27.400 987.397
38.075 59.131 1031.049
158.278 126.130 999.601
101.548 173.350 990.497
22.899 146.886 977.455
129.424 23.678 936.552
63.003 160.282 1074.527
10.437 124.926 1067.212
183.922 115.770 1016.588
162.295 156.498 999.460
106.941 49.113 988.245
87.619 5.232 1079.763
56.495 194.892 995.338
25.396 142.023 1049.428
70.068 28.298 1028.731
155.878 162.774 955.999
115.171 25.107 1000.621
16.212 190.707 1007.847
4.557 69.031 1023.369
40.178 90.366 928.127
41.468 113.335 946.059
81.930 40.367 960.343
142.174 100.214 855.088
103.925 81.415 923.292
162.928 143.899 1075.967
79.901 199.041 1079.170
76.489 134.926 930.659
57.824 102.482 1040.380
49.313 197.832 1020.653
12.603 190.818 991.437
121.996 59.595 969.247
140.549 143.492 1035.836
183.245 3.498 1020.036
136.437 100.183 970.341
95.832 96.103 1050.810
22.524 33.888 979.510
120.344 171.904 977.681
31.482 37.847 942.326
183.813 92.245 1032.292
174.981 146.897 996.791
170.948 128.867 944.557
12.264 73.261 1027.612
63.456 1.530 927.294
19.810 128.769 1011.892
18.618 12.351 1022.292
80.237 59.220 1028.564
130.555 96.651 880.838
115.102 182.556 1015.920
0.000 155.100 10137.617
113.633 0.000 9238.705
200.000 44.248 10233.177
29.311 200.000 10365.984
0.000 4.752 10684.481
101.447 0.000 10119.301
200.000 9.622 9992.581
157.575 200.000 10116.197
0.000 58.250 10235.188
113.092 0.000 9508.138
200.000 155.490 10163.928
172.842 200.000 9309.046
0.000 135.649 9365.037
37.864 0.000 9406.688
200.000 6.668 9639.175
118.853 200.000 9913.796
0.000 90.836 9813.910
113.213 0.000 10213.276
200.000 127.542 10250.355
133.071 200.000 10490.537
0.000 8.149 9021.402
179.127 0.000 10047.118
200.000 76.162 10484.085
176.333 200.000 10021.225
0.000 27.821 9987.198
8.591 0.000 9138.784
200.000 189.545 9521.799
104.336 200.000 9958.281
0.000 100.428 9618.195
114.390 0.000 9729.293
200.000 24.492 8909.129
193.463 200.000 10480.954
0.000 61.865 9291.407
101.087 0.000 10634.603
200.000 62.926 9754.687
143.103 200.000 11170.870
0.000 158.129 9780.343
98.734 0.000 10281.185
200.000 27.015 10405.746
156.864 200.000 10608.853
0.000 162.168 10180.565
123.311 0.000 9661.979
200.000 78.235 10838.097
50.330 200.000 10905.236
0.000 5.927 8897.485
93.783 0.000 9410.396
200.000 85.411 10327.266
80.809 200.000 10126.664
0.000 99.265 10672.796
48.890 0.000 9722.655
200.000 122.452 10159.431
90.508 200.000 9859.013
0.000 118.216 10580.344
96.214 0.000 10300.468
200.000 3.733 10006.421
173.947 200.000 9380.578
0.000 80.718 10258.737
69.751 0.000 9503.692
200.000 69.498 10229.485
35.571 200.000 10476.724
0.000 167.355 9795.974
67.775 0.000 10113.805
200.000 179.745 10297.607
58.121 200.000 11003.233
0.000 46.627 10142.309
127.030 0.000 10722.157
200.000 64.526 10319.026
115.382 200.000 9751.347
0.000 152.014 10492.019
64.467 0.000 10369.837
200.000 61.530 9142.948
145.708 200.000 10607.549
0.000 76.434 10022.663
181.314 0.000 10144.991
200.000 199.997 10090.088
138.295 200.000 9150.240
0.000 196.571 9708.234
188.541 0.000 10885.379
200.000 1.152 9946.580
43.386 200.000 9810.729
0.000 22.081 9475.610
172.192 0.000 9827.455
200.000 155.642 9117.876
148.733 200.000 10772.417
0.000 63.027 10684.749
75.732 0.000 9921.575
200.000 40.317 9993.177
31.691 200.000 9674.588
0.000 133.295 10188.323
68.583 0.000 10155.265
200.000 87.838 10683.041
46.887 200.000 9989.909
0.000 117.370 10570.039
92.055 0.000 9647.782
200.000 136.307 10063.678
86.227 200.000 9380.798
0.000 10.932 9909.698
131.396 0.000 10210.954
200.000 83.692 9077.550
183.197 200.000 10310.460
0.000 85.694 9358.178
40.661 0.000 8933.318
200.000 132.671 9906.617
67.433 200.000 10227.025
0.000 20.138 9715.890
99.175 0.000 9892.560
200.000 195.651 10967.084
70.132 200.000 10973.378
0.000 180.756 10324.337
182.498 0.000 10085.950
200.000 190.660 11214.476
126.316 200.000 9441.725
0.000 7.543 9831.606
147.088 0.000 9456.950
200.000 78.963 10356.832
167.770 200.000 10687.916
0.000 39.674 10529.985
111.129 0.000 9277.213
200.000 8.628 9854.503
10.289 200.000 10493.021
0.000 175.332 9813.631
180.321 0.000 10362.772
200.000 156.447 9481.368
140.696 200.000 9813.958
0.000 53.752 10486.921
150.617 0.000 9204.639
200.000 147.148 10360.976
181.301 200.000 8982.304
0.000 113.533 10373.525
101.788 0.000 10956.175
200.000 187.335 8964.344
123.234 200.000 10064.805
0.000 33.238 9834.305
96.524 0.000 9945.060
200.000 190.450 11012.712
57.401 200.000 9330.425
0.000 40.059 9641.613
7.845 0.000 9557.115
200.000 2.584 10051.111
113.491 200.000 8737.516
0.000 139.835 9624.511
60.901 0.000 10172.003
200.000 89.070 9347.681
2.995 200.000 9901.911
0.000 164.823 10474.536
14.552 0.000 10003.755
200.000 181.126 10291.045
165.173 200.000 10220.597
0.000 45.869 9703.930
92.959 0.000 9808.829
200.000 83.450 10291.157
113.454 200.000 10180.836
0.000 76.374 8883.624
23.214 0.000 9508.621
200.000 9.020 10492.163
79.467 200.000 9891.352
0.000 30.917 10241.790
197.460 0.000 10948.339
200.000 175.132 10318.010
61.055 200.000 9605.390
0.000 100.906 9721.218
189.796 0.000 10068.177
200.000 140.611 9991.964
91.709 200.000 9966.170
0.000 126.102 9217.690
82.216 0.000 10025.353
200.000 196.548 10259.598
28.539 200.000 10238.187
0.000 109.092 10397.032
188.806 0.000 10360.852
200.000 0.629 10432.605
27.779 200.000 9835.429
0.000 48.740 9972.559
21.820 0.000 9423.554
200.000 87.061 9503.493
144.307 200.000 9841.884
0.000 170.297 10044.671
47.249 0.000 10291.076
200.000 167.878 11306.096
27.803 200.000 10112.322
0.000 103.007 10942.400
21.293 0.000 9315.786
200.000 12.428 10002.800
73.642 200.000 9693.419
0.000 61.281 10070.789
88.472 0.000 10993.135
200.000 42.882 9950.985
98.022 200.000 9920.266
0.000 191.099 9612.681
190.134 0.000 10689.879
200.000 2.643 10251.864
92.061 200.000 10403.784
0.000 142.280 9863.915
133.367 0.000 9928.638
200.000 72.684 10108.749
101.840 200.000 9715.849
0.000 152.190 9965.245
181.264 0.000 10192.302
200.000 178.888 9541.656
126.721 200.000 10525.999
0.000 76.208 10129.383
11.489 0.000 10578.804
200.000 62.597 9962.737
19.453 200.000 10373.408
0.000 186.392 11484.900
47.188 0.000 9831.687
200.000 2.210 9749.814
184.816 200.000 9001.453
0.000 154.873 9741.124
165.837 0.000 10078.482
200.000 186.634 9993.043
7.884 200.000 9771.545
0.000 159.520 10135.174
69.144 0.000 9742.684
200.000 54.958 10243.035
121.169 200.000 10636.396
0.000 30.811 10091.979
36.037 0.000 9428.311
200.000 182.977 10343.584
163.907 200.000 10369.734
0.000 197.962 10166.986
11.298 0.000 10254.117
200.000 163.139 9969.608
59.603 200.000 10230.100
0.000 120.537 9415.835
176.400 0.000 10166.169
200.000 192.506 10785.108
3.973 200.000 10080.330
0.000 174.316 10468.323
39.555 0.000 9044.424
200.000 161.356 11169.409
121.750 200.000 10079.163
0.000 55.929 9713.321
39.427 0.000 9665.349
200.000 167.402 9841.128
175.101 200.000 10030.909
0.000 14.644 9739.415
40.513 0.000 9123.579
200.000 34.372 10126.213
187.224 200.000 9539.009
0.000 9.650 9802.138
169.488 0.000 9864.513
200.000 53.666 9453.869
86.534 200.000 9087.722
0.000 124.323 9390.867
26.376 0.000 10041.900
200.000 68.847 10957.222
182.785 200.000 10811.917
0.000 25.863 10185.789
61.090 0.000 10159.534
200.000 36.587 10245.973
103.795 200.000 9605.830
0.000 87.740 10033.093
149.868 0.000 10410.854
200.000 185.840 10526.394
159.222 200.000 9963.351
0.000 168.304 10708.023
163.060 0.000 10754.263
200.000 174.668 9693.968
189.168 200.000 10136.187
0.000 137.704 10126.643
91.377 0.000 9983.231
200.000 4.759 9594.058
17.291 200.000 10195.372
0.000 140.467 9774.675
106.720 0.000 9570.439
200.000 93.119 10331.163
69.337 200.000 9172.761
0.000 61.606 10249.826
96.963 0.000 10305.056
200.000 54.229 10162.149
124.768 200.000 10127.541
0.000 144.493 10236.522
59.481 0.000 9413.437
200.000 63.343 11109.040
88.529 200.000 10142.106
0.000 136.851 10590.802
1.692 0.000 9718.395
200.000 36.483 9590.281
175.135 200.000 10251.186
0.000 83.532 9918.313
48.077 0.000 9434.655
200.000 92.147 10622.899
32.963 200.000 10189.777
0.000 129.010 9701.661
120.680 0.000 9956.820
200.000 57.208 10216.356
73.597 200.000 10905.285
0.000 87.311 10019.552
109.600 0.000 9605.690
200.000 77.062 10952.693
65.542 200.000 10279.552
0.000 51.158 9386.323
148.632 0.000 9880.143
200.000 118.968 9895.655
62.806 200.000 10261.800
0.000 181.265 9680.427
123.748 0.000 9760.516
200.000 94.184 9817.817
35.144 200.000 10408.720
0.000 13.645 11020.697
87.748 0.000 10161.636
200.000 82.470 10022.726
56.895 200.000 9479.514
0.000 17.601 10033.628
61.560 0.000 10683.562
200.000 154.444 9810.671
139.506 200.000 10220.507
0.000 185.828 9654.221
175.247 0.000 9648.615
200.000 5.158 9508.304
60.011 200.000 10659.935
0.000 73.620 9474.538
165.947 0.000 10818.051
200.000 47.960 10165.452
108.064 200.000 9927.467
0.000 25.220 10360.627
152.347 0.000 10229.972
200.000 123.793 9738.334
194.036 200.000 9731.024
0.000 68.709 10830.608
77.104 0.000 9587.152
200.000 175.448 9902.475
128.579 200.000 9790.547
0.000 37.580 10180.951
3.527 0.000 10777.687
200.000 123.050 10232.605
197.591 200.000 9826.921
0.000 162.857 9767.427
117.349 0.000 10168.265
200.000 74.011 10497.457
132.129 200.000 9406.200
0.000 61.553 9869.769
121.752 0.000 10581.389
200.000 96.146 9689.247
124.458 200.000 9613.579
0.000 130.499 9668.739
195.361 0.000 9788.243
200.000 133.178 10312.073
55.116 200.000 10956.924
0.000 61.683 10103.810
174.891 0.000 10228.788
200.000 75.876 9823.493
68.016 200.000 10953.222
0.000 136.067 10391.076
43.208 0.000 10086.149
200.000 54.083 9544.127
32.679 200.000 9752.217
0.000 25.171 9638.562
159.051 0.000 10307.551
200.000 35.509 9547.791
25.397 200.000 11545.713
0.000 189.202 9940.848
141.473 0.000 9969.530
200.000 119.123 11276.523
147.129 200.000 10327.502
0.000 95.993 9920.453
167.918 0.000 9592.238
200.000 62.973 10096.246
92.775 200.000 10968.632
0.000 143.532 9356.939
9.677 0.000 9450.644
200.000 160.426 11037.764
80.808 200.000 9833.166
0.000 109.875 10243.190
133.949 0.000 10580.116
200.000 71.402 10513.184
64.512 200.000 9788.102
0.000 152.331 9714.187
162.273 0.000 9658.045
200.000 53.597 9944.915
11.480 200.000 10191.222
0.000 5.120 8891.558
155.371 0.000 9815.440
200.000 196.797 10311.184
96.328 200.000 9847.781
0.000 46.625 10388.891
136.106 0.000 9899.243
200.000 73.141 9652.423
158.925 200.000 9867.038
0.000 47.094 10148.711
194.027 0.000 10054.894
200.000 170.185 9203.031
191.008 200.000 9912.034
0.000 178.172 10629.643
102.606 0.000 10702.977
200.000 27.831 10534.401
154.961 200.000 9830.897
0.000 189.977 9899.717
109.233 0.000 9871.648
200.000 101.494 10396.282
104.435 200.000 10692.525
0.000 144.804 9511.879
59.694 0.000 9245.520
200.000 77.845 9988.470
106.106 200.000 9764.954
0.000 29.613 10548.616
33.850 0.000 9830.878
200.000 40.686 9366.675
197.756 200.000 9519.119
0.000 100.308 10173.392
162.519 0.000 10080.881
200.000 104.604 10971.053
70.950 200.000 9630.363
0.000 121.921 10082.242
66.638 0.000 9532.867
200.000 198.154 9960.597
129.858 200.000 9954.571
0.000 5.973 9711.710
85.973 0.000 9807.304
200.000 88.460 10100.393
75.772 200.000 9693.994
0.000 197.029 9511.507
18.092 0.000 9762.113
200.000 174.718 9795.797
85.459 200.000 10521.554
0.000 134.589 9514.095
1.005 0.000 9765.919
200.000 4.708 10664.933
71.507 200.000 10903.485
0.000 17.635 9874.408
10.211 0.000 10420.284
200.000 38.868 9494.806
163.955 200.000 9785.294
0.000 79.523 9691.203
170.638 0.000 10209.244
200.000 187.746 9607.491
157.120 200.000 9900.760
0.000 20.810 10434.039
68.064 0.000 9495.045
200.000 175.649 10452.152
51.663 200.000 10069.704
0.000 49.069 10415.839
31.426 0.000 9778.617
200.000 188.666 9923.665
16.562 200.000 10698.317
0.000 141.231 10574.140
125.786 0.000 10228.538
200.000 174.325 10721.485
185.725 200.000 9030.800
0.000 171.682 10454.256
63.024 0.000 9944.711
200.000 154.905 10403.451
174.030 200.000 10669.391
0.000 93.707 10283.402
102.064 0.000 9570.893
200.000 127.748 9935.385
27.229 200.000 10157.292
0.000 195.174 9972.874
66.575 0.000 10333.821
200.000 126.803 9664.803
168.243 200.000 11216.419
0.000 44.764 9821.654
146.175 0.000 10412.654
200.000 182.271 10789.737
63.259 200.000 9860.064
0.000 96.739 10879.093
73.582 0.000 10896.613
200.000 148.016 9787.430
72.138 200.000 10827.440
0.000 25.418 10414.662
131.304 0.000 9890.817
200.000 6.045 9984.178
34.348 200.000 10384.675
0.000 167.380 9928.650
193.746 0.000 10016.010
200.000 49.388 9440.026
152.185 200.000 10323.010
0.000 48.694 10065.766
19.058 0.000 10280.402
200.000 114.207 9594.148
116.103 200.000 10441.102
0.000 126.425 10002.796
121.639 0.000 11514.833
200.000 84.035 10254.456
20.984 200.000 9720.381
0.000 156.893 9947.454
191.445 0.000 9654.258
200.000 9.262 10191.768
129.605 200.000 9212.311
0.000 39.113 10449.496
148.913 0.000 10129.289
200.000 155.075 9688.114
17.549 200.000 9793.402
0.000 99.429 10255.904
67.788 0.000 9154.603
200.000 8.685 10761.594
142.056 200.000 10769.807
0.000 25.292 8968.352
142.919 0.000 9356.362
200.000 199.368 10419.439
57.830 200.000 9751.606
0.000 4.307 10467.090
194.504 0.000 10025.182
200.000 62.497 9137.448
168.155 200.000 9584.009
0.000 194.853 9972.605
180.239 0.000 10546.978
200.000 68.578 9474.854
188.504 200.000 10715.142
