61.787 145.999 0.027 -0.001 1032.342
188.210 176.762 0.048 0.010 1034.581
183.034 188.001 0.015 -0.001 891.177
72.008 17.288 0.110 -0.018 1032.789
77.375 156.644 0.022 -0.011 982.295
98.790 129.376 0.021 0.001 923.224
57.128 12.988 0.071 -0.056 1103.275
107.919 188.463 0.048 0.018 1006.068
56.644 109.242 0.019 -0.003 949.905
181.193 161.186 0.028 -0.013 1004.045
159.475 29.211 0.041 -0.010 1034.878
152.873 177.737 0.017 -0.010 1026.529
7.733 9.732 0.386 0.106 1010.551
183.070 15.866 0.136 -0.062 976.423
143.110 52.864 0.022 -0.001 944.844
61.134 15.225 0.071 -0.056 1028.104
116.819 133.086 0.012 -0.002 1052.161
139.317 131.645 0.011 -0.006 920.387
29.766 81.558 0.026 -0.003 957.869
183.340 171.335 -0.018 -0.039 1005.112
